   3.3000000e+02
   3.4000000e+02
   1.0000000e+00
   3.5000000e+02
   3.6000000e+02
   3.7000000e+02
   3.8000000e+02
   3.9000000e+02
   4.0000000e+02
   4.1000000e+02
   4.2000000e+02
   4.3000000e+02
   4.4000000e+02
   4.5000000e+02
   4.6000000e+02
   3.2000000e+02
   4.7000000e+02
   4.8000000e+02
   4.9000000e+02
   5.0000000e+02
   5.1000000e+02
   5.2000000e+02
   5.3000000e+02
   5.4000000e+02
   5.5000000e+02
   5.6000000e+02
   5.7000000e+02
   5.8000000e+02
   5.9000000e+02
   6.0000000e+02
   6.1000000e+02
   6.2000000e+02
   6.3000000e+02
   6.4000000e+02
   6.5000000e+02
   6.6000000e+02
   6.7000000e+02
   6.8000000e+02
   6.9000000e+02
   7.0000000e+02
   7.1000000e+02
   7.2000000e+02
   3.1000000e+02
   7.3000000e+02
   7.4000000e+02
   7.5000000e+02
   7.6000000e+02
   7.7000000e+02
   7.8000000e+02
   7.9000000e+02
   8.0000000e+02
   8.1000000e+02
   8.2000000e+02
   8.3000000e+02
   8.4000000e+02
   8.5000000e+02
   8.6000000e+02
   8.7000000e+02
   3.0000000e+02
   2.9000000e+02
   2.8000000e+02
   2.7000000e+02
   8.8000000e+02
   8.9000000e+02
   2.6000000e+02
   9.0000000e+02
   2.5000000e+02
   9.1000000e+02
   2.4000000e+02
   9.2000000e+02
   2.3000000e+02
   9.3000000e+02
   2.2000000e+02
   9.4000000e+02
   2.1000000e+02
   9.5000000e+02
   2.0000000e+02
   9.6000000e+02
   9.7000000e+02
   1.9000000e+02
   9.8000000e+02
